245,5
245,4
4294967278,387
4294967279,425
4294967278,179
4294967278,423
4294967278,176
4294967279,175
4294967278,172
4294967279,305
4294967278,433
4294967279,501
4294967279,167
4294967278,165
4294967294,989
4294967279,166
4294967279,165
4294967279,163
308,6
308,5
4294967279,162
308,4
308,3
308,2
308,1
4294967279,161
4294967294,408
4294967294,397
4294967294,412
4294967294,178
4294967294,1018
4294967294,423
4294967294,981
4294967294,401
4294967294,118
4294967294,169
4294967294,454
4294967278,348
4294967279,155
4294967279,154
4294967279,153
4294967279,151
4294967278,150
4294967279,150
4294967278,339
305,4
305,3
305,2
305,1
4294967279,144
4294967279,143
4294967279,142
304,4
304,3
304,2
304,1
4294967278,337
4294967279,141
4294967279,140
4294967294,437
4294967279,139
4294967278,138
303,6
4294967279,296
4294967279,137
303,5
4294967279,135
303,4
4294967279,294
303,3
303,2
303,1
4294967279,293
4294967294,985
4294967294,163
4294967294,1025
4294967278,432
4294967279,272
302,5
4294967278,271
4294967279,270
302,4
4294967278,270
302,3
302,2
302,1
4294967279,292
4294967279,268
4294967279,267
301,4
301,3
301,2
301,1
4294967279,285
4294967279,266
4294967279,283
4294967279,265
4294967279,264
300,5
300,4
4294967279,262
300,3
300,2
300,1
4294967279,500
4294967279,278
4294967279,403
4294967279,457
4294967278,395
4294967278,407
4294967279,449
4294967279,448
4294967279,402
4294967278,331
4294967278,329
4294967279,401
4294967279,447
4294967278,326
4294967278,251
4294967279,460
4294967278,406
4294967279,253
4294967278,358
4294967278,385
4294967279,499
4294967279,247
4294967278,414
4294967279,245
4294967278,240
4294967279,241
4294967278,356
4294967279,239
4294967278,260
4294967278,392
4294967278,61
4294967278,422
4294967278,60
4294967278,352
4294967278,59
4294967278,58
4294967278,57
4294967278,389
4294967278,56
4294967278,351
4294967278,55
4294967278,386
4294967278,54
4294967279,174
4294967279,85
4294967279,83
4294967279,81
4294967279,80
4294967279,79
4294967279,78
4294967279,74
4294967279,73
4294967279,72
4294967279,71
4294967279,70
4294967279,66
4294967279,65
4294967279,64
4294967279,63
4294967279,62
4294967279,60
4294967279,306
4294967279,56
4294967279,453
4294967279,54
4294967279,53
4294967279,52
4294967279,51
4294967279,50
4294967279,49
4294967279,47
4294967279,436
4294967279,46
4294967279,157
4294967279,44
4294967279,42
4294967279,40
4294967279,39
4294967279,37
4294967279,36
4294967279,33
4294967279,32
4294967279,31
4294967279,30
4294967279,28
4294967279,27
4294967279,26
4294967279,24
4294967279,22
4294967279,19
4294967279,18
4294967279,17
4294967279,15
4294967279,14
4294967279,13
4294967279,12
4294967279,9
4294967279,480
4294967278,224
4294967294,396
4294967294,386
4294967294,405
4294967294,419
4294967294,596
4294967294,411
4294967294,463
4294967279,498
4294967278,215
4294967279,277
4294967278,214
4294967279,215
299,6
4294967279,213
299,5
4294967278,211
299,4
4294967279,212
299,3
299,2
299,1
4294967279,497
4294967278,210
4294967279,496
4294967279,495
4294967279,207
4294967294,38
4294967294,37
4294967294,36
4294967294,39
4294967279,206
4294967279,203
4294967278,201
4294967294,40
4294967279,470
296,4
296,3
296,2
296,1
4294967279,194
295,4
295,3
295,2
295,1
4294967279,133
4294967279,192
4294967294,1032
4294967294,387
4294967294,388
294,6
4294967294,473
4294967294,89
4294967294,984
4294967294,173
4294967294,1026
4294967294,182
294,5
294,4
4294967278,184
294,3
294,2
294,1
4294967294,1422
4294967294,115
4294967279,494
293,5
4294967279,181
293,4
4294967279,180
293,3
293,2
293,1
4294967278,178
4294967278,177
292,4
292,3
292,2
292,1
291,5
291,4
4294967278,169
291,3
291,2
291,1
0,7
4294967294,470
4294967294,27
4294967278,378
4294967279,467
4294967279,451
4294967278,383
4294967278,298
4294967278,299
4294967279,475
4294967294,42
4294967294,99
4294967294,41
4294967279,302
4294967278,297
4294967294,471
4294967294,25
4294967294,390
4294967278,382
4294967279,301
4294967279,419
4294967294,392
4294967294,393
4294967294,389
4294967294,44
4294967294,114
4294967294,120
4294967279,493
4294967278,417
4294967294,2
4294967294,1
4294967279,477
4294967294,971
4294967294,29
4294967294,975
4294967294,186
4294967294,28
4294967294,1021
4294967294,0
4294967294,107
4294967294,50
4294967294,92
4294967294,91
4294967294,90
4294967294,88
4294967294,87
4294967294,86
4294967294,85
4294967294,84
4294967294,417
4294967294,1022
4294967294,1019
4294967294,988
4294967294,53
4294967294,416
4294967294,51
4294967294,45
4294967294,428
4294967294,424
4294967294,82
4294967278,132
4294967278,131
4294967278,130
4294967278,129
4294967278,128
4294967278,127
4294967278,126
4294967278,125
4294967278,124
4294967278,123
4294967278,122
4294967278,121
4294967278,120
4294967278,415
4294967278,119
4294967278,405
4294967278,118
4294967278,117
4294967278,116
4294967278,396
4294967278,115
4294967278,114
4294967278,113
4294967278,174
4294967278,234
4294967278,112
4294967278,111
4294967278,110
4294967278,109
4294967278,108
4294967278,107
4294967278,106
4294967278,418
4294967278,105
4294967278,218
4294967278,104
4294967278,394
4294967278,103
4294967278,102
4294967278,101
4294967278,100
4294967278,99
4294967278,98
4294967278,97
4294967278,368
4294967278,96
4294967278,95
4294967278,365
4294967278,94
4294967278,93
4294967278,364
4294967278,92
4294967278,91
4294967278,90
4294967278,89
4294967278,87
